# CCMP12 decompand LinearizationTable — mode 3, b=1
# domain KEEP_PEDESTAL; BlackLevel 200 WhiteLevel 63265; 4096 uint16 entries
# T1 500.3389 (register 500 + measured anchor) T2 11500 s1 1/64 s2 1/16 P 200
    0     1     2     3     4     5     6     7     8     9    10    11    12    13    14    15
   16    17    18    19    20    21    22    23    24    25    26    27    28    29    30    31
   32    33    34    35    36    37    38    39    40    41    42    43    44    45    46    47
   48    49    50    51    52    53    54    55    56    57    58    59    60    61    62    63
   64    65    66    67    68    69    70    71    72    73    74    75    76    77    78    79
   80    81    82    83    84    85    86    87    88    89    90    91    92    93    94    95
   96    97    98    99   100   101   102   103   104   105   106   107   108   109   110   111
  112   113   114   115   116   117   118   119   120   121   122   123   124   125   126   127
  128   129   130   131   132   133   134   135   136   137   138   139   140   141   142   143
  144   145   146   147   148   149   150   151   152   153   154   155   156   157   158   159
  160   161   162   163   164   165   166   167   168   169   170   171   172   173   174   175
  176   177   178   179   180   181   182   183   184   185   186   187   188   189   190   191
  192   193   194   195   196   197   198   199   200   201   202   203   204   205   206   207
  208   209   210   211   212   213   214   215   216   217   218   219   220   221   222   223
  224   225   226   227   228   229   230   231   232   233   234   235   236   237   238   239
  240   241   242   243   244   245   246   247   248   249   250   251   252   253   254   255
  256   257   258   259   260   261   262   263   264   265   266   267   268   269   270   271
  272   273   274   275   276   277   278   279   280   281   282   283   284   285   286   287
  288   289   290   291   292   293   294   295   296   297   298   299   300   301   302   303
  304   305   306   307   308   309   310   311   312   313   314   315   316   317   318   319
  320   321   322   323   324   325   326   327   328   329   330   331   332   333   334   335
  336   337   338   339   340   341   342   343   344   345   346   347   348   349   350   351
  352   353   354   355   356   357   358   359   360   361   362   363   364   365   366   367
  368   369   370   371   372   373   374   375   376   377   378   379   380   381   382   383
  384   385   386   387   388   389   390   391   392   393   394   395   396   397   398   399
  400   401   402   403   404   405   406   407   408   409   410   411   412   413   414   415
  416   417   418   419   420   421   422   423   424   425   426   427   428   429   430   431
  432   433   434   435   436   437   438   439   440   441   442   443   444   445   446   447
  448   449   450   451   452   453   454   455   456   457   458   459   460   461   462   463
  464   465   466   467   468   469   470   471   472   473   474   475   476   477   478   479
  480   481   482   483   484   485   486   487   488   489   490   491   492   493   494   495
  496   497   498   499   500   501   502   503   504   505   506   507   508   509   510   511
  512   513   514   515   516   517   518   519   520   521   522   523   524   525   526   527
  528   529   530   531   532   533   534   535   536   537   538   539   540   541   542   543
  544   545   546   547   548   549   550   551   552   553   554   555   556   557   558   559
  560   561   562   563   564   565   566   567   568   569   570   571   572   573   574   575
  576   577   578   579   580   581   582   583   584   585   586   587   588   589   590   591
  592   593   594   595   596   597   598   599   600   601   602   603   604   605   606   607
  608   609   610   611   612   613   614   615   616   617   618   619   620   621   622   623
  624   625   626   627   628   629   630   631   632   633   634   635   636   637   638   639
  640   641   642   643   644   645   646   647   648   649   650   651   652   653   654   655
  656   657   658   659   660   661   662   663   664   665   666   667   668   669   670   671
  672   673   674   675   676   677   678   679   680   681   682   683   684   685   686   687
  688   689   690   691   692   693   694   695   696   697   698   699   700   743   807   871
  935   999  1063  1127  1191  1255  1319  1383  1447  1511  1575  1639  1703  1767  1831  1895
 1959  2023  2087  2151  2215  2279  2343  2407  2471  2535  2599  2663  2727  2791  2855  2919
 2983  3047  3111  3175  3239  3303  3367  3431  3495  3559  3623  3687  3751  3815  3879  3943
 4007  4071  4135  4199  4263  4327  4391  4455  4519  4583  4647  4711  4775  4839  4903  4967
 5031  5095  5159  5223  5287  5351  5415  5479  5543  5607  5671  5735  5799  5863  5927  5991
 6055  6119  6183  6247  6311  6375  6439  6503  6567  6631  6695  6759  6823  6887  6951  7015
 7079  7143  7207  7271  7335  7399  7463  7527  7591  7655  7719  7783  7847  7911  7975  8039
 8103  8167  8231  8295  8359  8423  8487  8551  8615  8679  8743  8807  8871  8935  8999  9063
 9127  9191  9255  9319  9383  9447  9511  9575  9639  9703  9767  9831  9895  9959 10023 10087
10151 10215 10279 10343 10407 10471 10535 10599 10663 10727 10791 10855 10919 10983 11047 11111
11175 11239 11303 11367 11431 11495 11559 11623 11687 11713 11729 11745 11761 11777 11793 11809
11825 11841 11857 11873 11889 11905 11921 11937 11953 11969 11985 12001 12017 12033 12049 12065
12081 12097 12113 12129 12145 12161 12177 12193 12209 12225 12241 12257 12273 12289 12305 12321
12337 12353 12369 12385 12401 12417 12433 12449 12465 12481 12497 12513 12529 12545 12561 12577
12593 12609 12625 12641 12657 12673 12689 12705 12721 12737 12753 12769 12785 12801 12817 12833
12849 12865 12881 12897 12913 12929 12945 12961 12977 12993 13009 13025 13041 13057 13073 13089
13105 13121 13137 13153 13169 13185 13201 13217 13233 13249 13265 13281 13297 13313 13329 13345
13361 13377 13393 13409 13425 13441 13457 13473 13489 13505 13521 13537 13553 13569 13585 13601
13617 13633 13649 13665 13681 13697 13713 13729 13745 13761 13777 13793 13809 13825 13841 13857
13873 13889 13905 13921 13937 13953 13969 13985 14001 14017 14033 14049 14065 14081 14097 14113
14129 14145 14161 14177 14193 14209 14225 14241 14257 14273 14289 14305 14321 14337 14353 14369
14385 14401 14417 14433 14449 14465 14481 14497 14513 14529 14545 14561 14577 14593 14609 14625
14641 14657 14673 14689 14705 14721 14737 14753 14769 14785 14801 14817 14833 14849 14865 14881
14897 14913 14929 14945 14961 14977 14993 15009 15025 15041 15057 15073 15089 15105 15121 15137
15153 15169 15185 15201 15217 15233 15249 15265 15281 15297 15313 15329 15345 15361 15377 15393
15409 15425 15441 15457 15473 15489 15505 15521 15537 15553 15569 15585 15601 15617 15633 15649
15665 15681 15697 15713 15729 15745 15761 15777 15793 15809 15825 15841 15857 15873 15889 15905
15921 15937 15953 15969 15985 16001 16017 16033 16049 16065 16081 16097 16113 16129 16145 16161
16177 16193 16209 16225 16241 16257 16273 16289 16305 16321 16337 16353 16369 16385 16401 16417
16433 16449 16465 16481 16497 16513 16529 16545 16561 16577 16593 16609 16625 16641 16657 16673
16689 16705 16721 16737 16753 16769 16785 16801 16817 16833 16849 16865 16881 16897 16913 16929
16945 16961 16977 16993 17009 17025 17041 17057 17073 17089 17105 17121 17137 17153 17169 17185
17201 17217 17233 17249 17265 17281 17297 17313 17329 17345 17361 17377 17393 17409 17425 17441
17457 17473 17489 17505 17521 17537 17553 17569 17585 17601 17617 17633 17649 17665 17681 17697
17713 17729 17745 17761 17777 17793 17809 17825 17841 17857 17873 17889 17905 17921 17937 17953
17969 17985 18001 18017 18033 18049 18065 18081 18097 18113 18129 18145 18161 18177 18193 18209
18225 18241 18257 18273 18289 18305 18321 18337 18353 18369 18385 18401 18417 18433 18449 18465
18481 18497 18513 18529 18545 18561 18577 18593 18609 18625 18641 18657 18673 18689 18705 18721
18737 18753 18769 18785 18801 18817 18833 18849 18865 18881 18897 18913 18929 18945 18961 18977
18993 19009 19025 19041 19057 19073 19089 19105 19121 19137 19153 19169 19185 19201 19217 19233
19249 19265 19281 19297 19313 19329 19345 19361 19377 19393 19409 19425 19441 19457 19473 19489
19505 19521 19537 19553 19569 19585 19601 19617 19633 19649 19665 19681 19697 19713 19729 19745
19761 19777 19793 19809 19825 19841 19857 19873 19889 19905 19921 19937 19953 19969 19985 20001
20017 20033 20049 20065 20081 20097 20113 20129 20145 20161 20177 20193 20209 20225 20241 20257
20273 20289 20305 20321 20337 20353 20369 20385 20401 20417 20433 20449 20465 20481 20497 20513
20529 20545 20561 20577 20593 20609 20625 20641 20657 20673 20689 20705 20721 20737 20753 20769
20785 20801 20817 20833 20849 20865 20881 20897 20913 20929 20945 20961 20977 20993 21009 21025
21041 21057 21073 21089 21105 21121 21137 21153 21169 21185 21201 21217 21233 21249 21265 21281
21297 21313 21329 21345 21361 21377 21393 21409 21425 21441 21457 21473 21489 21505 21521 21537
21553 21569 21585 21601 21617 21633 21649 21665 21681 21697 21713 21729 21745 21761 21777 21793
21809 21825 21841 21857 21873 21889 21905 21921 21937 21953 21969 21985 22001 22017 22033 22049
22065 22081 22097 22113 22129 22145 22161 22177 22193 22209 22225 22241 22257 22273 22289 22305
22321 22337 22353 22369 22385 22401 22417 22433 22449 22465 22481 22497 22513 22529 22545 22561
22577 22593 22609 22625 22641 22657 22673 22689 22705 22721 22737 22753 22769 22785 22801 22817
22833 22849 22865 22881 22897 22913 22929 22945 22961 22977 22993 23009 23025 23041 23057 23073
23089 23105 23121 23137 23153 23169 23185 23201 23217 23233 23249 23265 23281 23297 23313 23329
23345 23361 23377 23393 23409 23425 23441 23457 23473 23489 23505 23521 23537 23553 23569 23585
23601 23617 23633 23649 23665 23681 23697 23713 23729 23745 23761 23777 23793 23809 23825 23841
23857 23873 23889 23905 23921 23937 23953 23969 23985 24001 24017 24033 24049 24065 24081 24097
24113 24129 24145 24161 24177 24193 24209 24225 24241 24257 24273 24289 24305 24321 24337 24353
24369 24385 24401 24417 24433 24449 24465 24481 24497 24513 24529 24545 24561 24577 24593 24609
24625 24641 24657 24673 24689 24705 24721 24737 24753 24769 24785 24801 24817 24833 24849 24865
24881 24897 24913 24929 24945 24961 24977 24993 25009 25025 25041 25057 25073 25089 25105 25121
25137 25153 25169 25185 25201 25217 25233 25249 25265 25281 25297 25313 25329 25345 25361 25377
25393 25409 25425 25441 25457 25473 25489 25505 25521 25537 25553 25569 25585 25601 25617 25633
25649 25665 25681 25697 25713 25729 25745 25761 25777 25793 25809 25825 25841 25857 25873 25889
25905 25921 25937 25953 25969 25985 26001 26017 26033 26049 26065 26081 26097 26113 26129 26145
26161 26177 26193 26209 26225 26241 26257 26273 26289 26305 26321 26337 26353 26369 26385 26401
26417 26433 26449 26465 26481 26497 26513 26529 26545 26561 26577 26593 26609 26625 26641 26657
26673 26689 26705 26721 26737 26753 26769 26785 26801 26817 26833 26849 26865 26881 26897 26913
26929 26945 26961 26977 26993 27009 27025 27041 27057 27073 27089 27105 27121 27137 27153 27169
27185 27201 27217 27233 27249 27265 27281 27297 27313 27329 27345 27361 27377 27393 27409 27425
27441 27457 27473 27489 27505 27521 27537 27553 27569 27585 27601 27617 27633 27649 27665 27681
27697 27713 27729 27745 27761 27777 27793 27809 27825 27841 27857 27873 27889 27905 27921 27937
27953 27969 27985 28001 28017 28033 28049 28065 28081 28097 28113 28129 28145 28161 28177 28193
28209 28225 28241 28257 28273 28289 28305 28321 28337 28353 28369 28385 28401 28417 28433 28449
28465 28481 28497 28513 28529 28545 28561 28577 28593 28609 28625 28641 28657 28673 28689 28705
28721 28737 28753 28769 28785 28801 28817 28833 28849 28865 28881 28897 28913 28929 28945 28961
28977 28993 29009 29025 29041 29057 29073 29089 29105 29121 29137 29153 29169 29185 29201 29217
29233 29249 29265 29281 29297 29313 29329 29345 29361 29377 29393 29409 29425 29441 29457 29473
29489 29505 29521 29537 29553 29569 29585 29601 29617 29633 29649 29665 29681 29697 29713 29729
29745 29761 29777 29793 29809 29825 29841 29857 29873 29889 29905 29921 29937 29953 29969 29985
30001 30017 30033 30049 30065 30081 30097 30113 30129 30145 30161 30177 30193 30209 30225 30241
30257 30273 30289 30305 30321 30337 30353 30369 30385 30401 30417 30433 30449 30465 30481 30497
30513 30529 30545 30561 30577 30593 30609 30625 30641 30657 30673 30689 30705 30721 30737 30753
30769 30785 30801 30817 30833 30849 30865 30881 30897 30913 30929 30945 30961 30977 30993 31009
31025 31041 31057 31073 31089 31105 31121 31137 31153 31169 31185 31201 31217 31233 31249 31265
31281 31297 31313 31329 31345 31361 31377 31393 31409 31425 31441 31457 31473 31489 31505 31521
31537 31553 31569 31585 31601 31617 31633 31649 31665 31681 31697 31713 31729 31745 31761 31777
31793 31809 31825 31841 31857 31873 31889 31905 31921 31937 31953 31969 31985 32001 32017 32033
32049 32065 32081 32097 32113 32129 32145 32161 32177 32193 32209 32225 32241 32257 32273 32289
32305 32321 32337 32353 32369 32385 32401 32417 32433 32449 32465 32481 32497 32513 32529 32545
32561 32577 32593 32609 32625 32641 32657 32673 32689 32705 32721 32737 32753 32769 32785 32801
32817 32833 32849 32865 32881 32897 32913 32929 32945 32961 32977 32993 33009 33025 33041 33057
33073 33089 33105 33121 33137 33153 33169 33185 33201 33217 33233 33249 33265 33281 33297 33313
33329 33345 33361 33377 33393 33409 33425 33441 33457 33473 33489 33505 33521 33537 33553 33569
33585 33601 33617 33633 33649 33665 33681 33697 33713 33729 33745 33761 33777 33793 33809 33825
33841 33857 33873 33889 33905 33921 33937 33953 33969 33985 34001 34017 34033 34049 34065 34081
34097 34113 34129 34145 34161 34177 34193 34209 34225 34241 34257 34273 34289 34305 34321 34337
34353 34369 34385 34401 34417 34433 34449 34465 34481 34497 34513 34529 34545 34561 34577 34593
34609 34625 34641 34657 34673 34689 34705 34721 34737 34753 34769 34785 34801 34817 34833 34849
34865 34881 34897 34913 34929 34945 34961 34977 34993 35009 35025 35041 35057 35073 35089 35105
35121 35137 35153 35169 35185 35201 35217 35233 35249 35265 35281 35297 35313 35329 35345 35361
35377 35393 35409 35425 35441 35457 35473 35489 35505 35521 35537 35553 35569 35585 35601 35617
35633 35649 35665 35681 35697 35713 35729 35745 35761 35777 35793 35809 35825 35841 35857 35873
35889 35905 35921 35937 35953 35969 35985 36001 36017 36033 36049 36065 36081 36097 36113 36129
36145 36161 36177 36193 36209 36225 36241 36257 36273 36289 36305 36321 36337 36353 36369 36385
36401 36417 36433 36449 36465 36481 36497 36513 36529 36545 36561 36577 36593 36609 36625 36641
36657 36673 36689 36705 36721 36737 36753 36769 36785 36801 36817 36833 36849 36865 36881 36897
36913 36929 36945 36961 36977 36993 37009 37025 37041 37057 37073 37089 37105 37121 37137 37153
37169 37185 37201 37217 37233 37249 37265 37281 37297 37313 37329 37345 37361 37377 37393 37409
37425 37441 37457 37473 37489 37505 37521 37537 37553 37569 37585 37601 37617 37633 37649 37665
37681 37697 37713 37729 37745 37761 37777 37793 37809 37825 37841 37857 37873 37889 37905 37921
37937 37953 37969 37985 38001 38017 38033 38049 38065 38081 38097 38113 38129 38145 38161 38177
38193 38209 38225 38241 38257 38273 38289 38305 38321 38337 38353 38369 38385 38401 38417 38433
38449 38465 38481 38497 38513 38529 38545 38561 38577 38593 38609 38625 38641 38657 38673 38689
38705 38721 38737 38753 38769 38785 38801 38817 38833 38849 38865 38881 38897 38913 38929 38945
38961 38977 38993 39009 39025 39041 39057 39073 39089 39105 39121 39137 39153 39169 39185 39201
39217 39233 39249 39265 39281 39297 39313 39329 39345 39361 39377 39393 39409 39425 39441 39457
39473 39489 39505 39521 39537 39553 39569 39585 39601 39617 39633 39649 39665 39681 39697 39713
39729 39745 39761 39777 39793 39809 39825 39841 39857 39873 39889 39905 39921 39937 39953 39969
39985 40001 40017 40033 40049 40065 40081 40097 40113 40129 40145 40161 40177 40193 40209 40225
40241 40257 40273 40289 40305 40321 40337 40353 40369 40385 40401 40417 40433 40449 40465 40481
40497 40513 40529 40545 40561 40577 40593 40609 40625 40641 40657 40673 40689 40705 40721 40737
40753 40769 40785 40801 40817 40833 40849 40865 40881 40897 40913 40929 40945 40961 40977 40993
41009 41025 41041 41057 41073 41089 41105 41121 41137 41153 41169 41185 41201 41217 41233 41249
41265 41281 41297 41313 41329 41345 41361 41377 41393 41409 41425 41441 41457 41473 41489 41505
41521 41537 41553 41569 41585 41601 41617 41633 41649 41665 41681 41697 41713 41729 41745 41761
41777 41793 41809 41825 41841 41857 41873 41889 41905 41921 41937 41953 41969 41985 42001 42017
42033 42049 42065 42081 42097 42113 42129 42145 42161 42177 42193 42209 42225 42241 42257 42273
42289 42305 42321 42337 42353 42369 42385 42401 42417 42433 42449 42465 42481 42497 42513 42529
42545 42561 42577 42593 42609 42625 42641 42657 42673 42689 42705 42721 42737 42753 42769 42785
42801 42817 42833 42849 42865 42881 42897 42913 42929 42945 42961 42977 42993 43009 43025 43041
43057 43073 43089 43105 43121 43137 43153 43169 43185 43201 43217 43233 43249 43265 43281 43297
43313 43329 43345 43361 43377 43393 43409 43425 43441 43457 43473 43489 43505 43521 43537 43553
43569 43585 43601 43617 43633 43649 43665 43681 43697 43713 43729 43745 43761 43777 43793 43809
43825 43841 43857 43873 43889 43905 43921 43937 43953 43969 43985 44001 44017 44033 44049 44065
44081 44097 44113 44129 44145 44161 44177 44193 44209 44225 44241 44257 44273 44289 44305 44321
44337 44353 44369 44385 44401 44417 44433 44449 44465 44481 44497 44513 44529 44545 44561 44577
44593 44609 44625 44641 44657 44673 44689 44705 44721 44737 44753 44769 44785 44801 44817 44833
44849 44865 44881 44897 44913 44929 44945 44961 44977 44993 45009 45025 45041 45057 45073 45089
45105 45121 45137 45153 45169 45185 45201 45217 45233 45249 45265 45281 45297 45313 45329 45345
45361 45377 45393 45409 45425 45441 45457 45473 45489 45505 45521 45537 45553 45569 45585 45601
45617 45633 45649 45665 45681 45697 45713 45729 45745 45761 45777 45793 45809 45825 45841 45857
45873 45889 45905 45921 45937 45953 45969 45985 46001 46017 46033 46049 46065 46081 46097 46113
46129 46145 46161 46177 46193 46209 46225 46241 46257 46273 46289 46305 46321 46337 46353 46369
46385 46401 46417 46433 46449 46465 46481 46497 46513 46529 46545 46561 46577 46593 46609 46625
46641 46657 46673 46689 46705 46721 46737 46753 46769 46785 46801 46817 46833 46849 46865 46881
46897 46913 46929 46945 46961 46977 46993 47009 47025 47041 47057 47073 47089 47105 47121 47137
47153 47169 47185 47201 47217 47233 47249 47265 47281 47297 47313 47329 47345 47361 47377 47393
47409 47425 47441 47457 47473 47489 47505 47521 47537 47553 47569 47585 47601 47617 47633 47649
47665 47681 47697 47713 47729 47745 47761 47777 47793 47809 47825 47841 47857 47873 47889 47905
47921 47937 47953 47969 47985 48001 48017 48033 48049 48065 48081 48097 48113 48129 48145 48161
48177 48193 48209 48225 48241 48257 48273 48289 48305 48321 48337 48353 48369 48385 48401 48417
48433 48449 48465 48481 48497 48513 48529 48545 48561 48577 48593 48609 48625 48641 48657 48673
48689 48705 48721 48737 48753 48769 48785 48801 48817 48833 48849 48865 48881 48897 48913 48929
48945 48961 48977 48993 49009 49025 49041 49057 49073 49089 49105 49121 49137 49153 49169 49185
49201 49217 49233 49249 49265 49281 49297 49313 49329 49345 49361 49377 49393 49409 49425 49441
49457 49473 49489 49505 49521 49537 49553 49569 49585 49601 49617 49633 49649 49665 49681 49697
49713 49729 49745 49761 49777 49793 49809 49825 49841 49857 49873 49889 49905 49921 49937 49953
49969 49985 50001 50017 50033 50049 50065 50081 50097 50113 50129 50145 50161 50177 50193 50209
50225 50241 50257 50273 50289 50305 50321 50337 50353 50369 50385 50401 50417 50433 50449 50465
50481 50497 50513 50529 50545 50561 50577 50593 50609 50625 50641 50657 50673 50689 50705 50721
50737 50753 50769 50785 50801 50817 50833 50849 50865 50881 50897 50913 50929 50945 50961 50977
50993 51009 51025 51041 51057 51073 51089 51105 51121 51137 51153 51169 51185 51201 51217 51233
51249 51265 51281 51297 51313 51329 51345 51361 51377 51393 51409 51425 51441 51457 51473 51489
51505 51521 51537 51553 51569 51585 51601 51617 51633 51649 51665 51681 51697 51713 51729 51745
51761 51777 51793 51809 51825 51841 51857 51873 51889 51905 51921 51937 51953 51969 51985 52001
52017 52033 52049 52065 52081 52097 52113 52129 52145 52161 52177 52193 52209 52225 52241 52257
52273 52289 52305 52321 52337 52353 52369 52385 52401 52417 52433 52449 52465 52481 52497 52513
52529 52545 52561 52577 52593 52609 52625 52641 52657 52673 52689 52705 52721 52737 52753 52769
52785 52801 52817 52833 52849 52865 52881 52897 52913 52929 52945 52961 52977 52993 53009 53025
53041 53057 53073 53089 53105 53121 53137 53153 53169 53185 53201 53217 53233 53249 53265 53281
53297 53313 53329 53345 53361 53377 53393 53409 53425 53441 53457 53473 53489 53505 53521 53537
53553 53569 53585 53601 53617 53633 53649 53665 53681 53697 53713 53729 53745 53761 53777 53793
53809 53825 53841 53857 53873 53889 53905 53921 53937 53953 53969 53985 54001 54017 54033 54049
54065 54081 54097 54113 54129 54145 54161 54177 54193 54209 54225 54241 54257 54273 54289 54305
54321 54337 54353 54369 54385 54401 54417 54433 54449 54465 54481 54497 54513 54529 54545 54561
54577 54593 54609 54625 54641 54657 54673 54689 54705 54721 54737 54753 54769 54785 54801 54817
54833 54849 54865 54881 54897 54913 54929 54945 54961 54977 54993 55009 55025 55041 55057 55073
55089 55105 55121 55137 55153 55169 55185 55201 55217 55233 55249 55265 55281 55297 55313 55329
55345 55361 55377 55393 55409 55425 55441 55457 55473 55489 55505 55521 55537 55553 55569 55585
55601 55617 55633 55649 55665 55681 55697 55713 55729 55745 55761 55777 55793 55809 55825 55841
55857 55873 55889 55905 55921 55937 55953 55969 55985 56001 56017 56033 56049 56065 56081 56097
56113 56129 56145 56161 56177 56193 56209 56225 56241 56257 56273 56289 56305 56321 56337 56353
56369 56385 56401 56417 56433 56449 56465 56481 56497 56513 56529 56545 56561 56577 56593 56609
56625 56641 56657 56673 56689 56705 56721 56737 56753 56769 56785 56801 56817 56833 56849 56865
56881 56897 56913 56929 56945 56961 56977 56993 57009 57025 57041 57057 57073 57089 57105 57121
57137 57153 57169 57185 57201 57217 57233 57249 57265 57281 57297 57313 57329 57345 57361 57377
57393 57409 57425 57441 57457 57473 57489 57505 57521 57537 57553 57569 57585 57601 57617 57633
57649 57665 57681 57697 57713 57729 57745 57761 57777 57793 57809 57825 57841 57857 57873 57889
57905 57921 57937 57953 57969 57985 58001 58017 58033 58049 58065 58081 58097 58113 58129 58145
58161 58177 58193 58209 58225 58241 58257 58273 58289 58305 58321 58337 58353 58369 58385 58401
58417 58433 58449 58465 58481 58497 58513 58529 58545 58561 58577 58593 58609 58625 58641 58657
58673 58689 58705 58721 58737 58753 58769 58785 58801 58817 58833 58849 58865 58881 58897 58913
58929 58945 58961 58977 58993 59009 59025 59041 59057 59073 59089 59105 59121 59137 59153 59169
59185 59201 59217 59233 59249 59265 59281 59297 59313 59329 59345 59361 59377 59393 59409 59425
59441 59457 59473 59489 59505 59521 59537 59553 59569 59585 59601 59617 59633 59649 59665 59681
59697 59713 59729 59745 59761 59777 59793 59809 59825 59841 59857 59873 59889 59905 59921 59937
59953 59969 59985 60001 60017 60033 60049 60065 60081 60097 60113 60129 60145 60161 60177 60193
60209 60225 60241 60257 60273 60289 60305 60321 60337 60353 60369 60385 60401 60417 60433 60449
60465 60481 60497 60513 60529 60545 60561 60577 60593 60609 60625 60641 60657 60673 60689 60705
60721 60737 60753 60769 60785 60801 60817 60833 60849 60865 60881 60897 60913 60929 60945 60961
60977 60993 61009 61025 61041 61057 61073 61089 61105 61121 61137 61153 61169 61185 61201 61217
61233 61249 61265 61281 61297 61313 61329 61345 61361 61377 61393 61409 61425 61441 61457 61473
61489 61505 61521 61537 61553 61569 61585 61601 61617 61633 61649 61665 61681 61697 61713 61729
61745 61761 61777 61793 61809 61825 61841 61857 61873 61889 61905 61921 61937 61953 61969 61985
62001 62017 62033 62049 62065 62081 62097 62113 62129 62145 62161 62177 62193 62209 62225 62241
62257 62273 62289 62305 62321 62337 62353 62369 62385 62401 62417 62433 62449 62465 62481 62497
62513 62529 62545 62561 62577 62593 62609 62625 62641 62657 62673 62689 62705 62721 62737 62753
62769 62785 62801 62817 62833 62849 62865 62881 62897 62913 62929 62945 62961 62977 62993 63009
63025 63041 63057 63073 63089 63105 63121 63137 63153 63169 63185 63201 63217 63233 63249 63265
